   0.524144 -0.00051014    0.262348
          0    0.509806   0.0816131
          0           0   0.0798504
          0           0           0
          0           0           0
          0           0           0
          0           0           0
          0           0           0
          0           0           0
          0           0           0
          0           0           0
          0           0           0
          0           0           0
          0           0           0
          0           0           0
          0           0           0
          0           0           0
          0           0           0
          0           0           0
          0           0           0
          0           0           0
         -0           0           0
          0           0           0